7.000000000000000666e-02 6.900000000000000000e+01 1.960000000000000142e+01
8.999999999999999667e-02 6.900000000000000000e+01 1.200000000000000000e+01
1.199999999999999956e-01 6.859999999999999432e+01 2.619999999999999929e+01
1.700000000000000122e-01 8.300000000000000000e+01 8.000000000000000000e+00
1.791000000000000092e-01 7.500000000000000000e+01 4.000000000000000000e+00
1.993000000000000049e-01 7.500000000000000000e+01 5.000000000000000000e+00
2.000000000000000111e-01 7.290000000000000568e+01 2.960000000000000142e+01
2.700000000000000178e-01 7.700000000000000000e+01 1.400000000000000000e+01
2.800000000000000266e-01 8.879999999999999716e+01 3.660000000000000142e+01
3.518999999999999906e-01 8.300000000000000000e+01 1.400000000000000000e+01
3.801999999999999824e-01 8.300000000000000000e+01 1.350000000000000000e+01
4.000000000000000222e-01 9.500000000000000000e+01 1.700000000000000000e+01
4.003999999999999782e-01 7.700000000000000000e+01 1.019999999999999929e+01
4.247000000000000219e-01 8.709999999999999432e+01 1.119999999999999929e+01
4.496999999999999886e-01 9.279999999999999716e+01 1.290000000000000036e+01
4.699999999999999734e-01 8.900000000000000000e+01 4.960000000000000142e+01
4.783000000000000029e-01 8.090000000000000568e+01 9.000000000000000000e+00
4.799999999999999822e-01 9.700000000000000000e+01 6.200000000000000000e+01
5.928999999999999826e-01 1.040000000000000000e+02 1.300000000000000000e+01
6.796999999999999709e-01 9.200000000000000000e+01 8.000000000000000000e+00
7.812000000000000055e-01 1.050000000000000000e+02 1.200000000000000000e+01
8.753999999999999559e-01 1.250000000000000000e+02 1.700000000000000000e+01
8.800000000000000044e-01 9.000000000000000000e+01 4.000000000000000000e+01
9.000000000000000222e-01 1.170000000000000000e+02 2.300000000000000000e+01
1.036999999999999922e+00 1.540000000000000000e+02 2.000000000000000000e+01
1.300000000000000044e+00 1.680000000000000000e+02 1.700000000000000000e+01
1.362999999999999989e+00 1.600000000000000000e+02 3.360000000000000142e+01
1.429999999999999938e+00 1.770000000000000000e+02 1.800000000000000000e+01
1.530000000000000027e+00 1.400000000000000000e+02 1.400000000000000000e+01
1.750000000000000000e+00 2.020000000000000000e+02 4.000000000000000000e+01
1.965000000000000080e+00 1.865000000000000000e+02 5.039999999999999858e+01
