1.499999999999999944e-02 6.165950018614828565e+01 5.111144854923190373e+00
1.499999999999999944e-02 6.637430704019085681e+01 6.418964577839235019e+00
1.499999999999999944e-02 6.792036326171836436e+01 5.004557310629541789e+00
1.499999999999999944e-02 7.516228940182064377e+01 7.614972953805208888e+00
1.510000000000000057e-02 8.053784411990667991e+01 7.788700050279762976e+00
1.519999999999999997e-02 6.367955209079168810e+01 6.451613844402970699e+00
1.519999999999999997e-02 6.606934480075963734e+01 6.693732691452963124e+00
1.519999999999999997e-02 7.112135136533284197e+01 7.860622245475543224e+00
1.529999999999999936e-02 8.749837752274363822e+01 8.461843309291461779e+00
1.540000000000000049e-02 6.137620051647936492e+01 4.239717731215765006e+00
1.600000000000000033e-02 5.807644175213120974e+01 5.616489859368962279e+00
1.600000000000000033e-02 6.823386941416700324e+01 6.913028784215985212e+00
1.629999999999999852e-02 6.367955209079168810e+01 5.865103494911791948e+00
1.629999999999999852e-02 6.426877173170194624e+01 4.143560840564713743e+00
1.629999999999999852e-02 7.762471166286927371e+01 7.506975164761121810e+00
1.640000000000000138e-02 6.854882264526612801e+01 7.891974858264123149e+00
1.660000000000000017e-02 7.379042301291022454e+01 8.495436401762592737e+00
1.669999999999999957e-02 6.309573444801932851e+01 7.264164878576011120e+00
1.669999999999999957e-02 7.014552984199703189e+01 6.783674156882756989e+00
1.700000000000000122e-02 7.516228940182064377e+01 1.073018916218006780e+01
1.720000000000000001e-02 7.112135136533284197e+01 8.188148172370357969e+00
1.720000000000000001e-02 8.511380382023759239e+01 7.839271035379950625e+00
1.729999999999999941e-02 7.014552984199703189e+01 7.106706259591460295e+00
1.729999999999999941e-02 7.079457843841380793e+01 7.172463802991931203e+00
1.760000000000000106e-02 7.379042301291022454e+01 9.175071313903600867e+00
1.789999999999999925e-02 7.413102413009180225e+01 5.462175714890602052e+00
1.830000000000000029e-02 7.481695005111534158e+01 5.512716604511305185e+00
1.870000000000000134e-02 1.023292992280752571e+02 9.424876759163728579e+00
1.890000000000000013e-02 7.481695005111534158e+01 7.235440543421087334e+00
1.919999999999999832e-02 7.906786279998257783e+01 7.282419288725534123e+00
1.919999999999999832e-02 8.871560120379616876e+01 8.171008833914626734e+00
1.930000000000000118e-02 9.772372209558120915e+01 1.080082491500055220e+01
1.949999999999999997e-02 8.953647655495927893e+01 8.246614247786405727e+00
1.959999999999999937e-02 8.279421637123353150e+01 6.863066222490933121e+00
2.040000000000000147e-02 8.550667128846818343e+01 5.906591599811064519e+00
2.050000000000000086e-02 8.394599865193964661e+01 7.345126594273271081e+00
2.079999999999999905e-02 9.120108393559087290e+01 8.399930253399611857e+00
2.089999999999999844e-02 8.709635899560818473e+01 7.620777559339120266e+00
2.110000000000000070e-02 8.550667128846818343e+01 7.481682693094016123e+00
2.120000000000000009e-02 9.332543007969914584e+01 8.165810275753388581e+00
2.149999999999999828e-02 9.682778562612490703e+01 8.472260199272858117e+00
2.179999999999999993e-02 9.862794856312099512e+01 1.044656522924519315e+01
2.189999999999999933e-02 9.332543007969914584e+01 8.165810275753388581e+00
2.199999999999999872e-02 9.332543007969914584e+01 8.165810275753388581e+00
2.210000000000000159e-02 9.594006315159316500e+01 8.394586050883100725e+00
2.210000000000000159e-02 9.638290236239714659e+01 8.433333699567938879e+00
2.239999999999999977e-02 9.772372209558120915e+01 1.080082491500055220e+01
2.290000000000000022e-02 1.066596121230257950e+02 8.841341984364223805e+00
2.290000000000000022e-02 1.096478196143186210e+02 9.593990527082747022e+00
2.299999999999999961e-02 1.032761405761397953e+02 9.036479866597925792e+00
2.299999999999999961e-02 1.061695557198726334e+02 6.845004217250625800e+00
2.319999999999999840e-02 1.042317429393305730e+02 1.104011304540893867e+01
2.330000000000000127e-02 9.462371613657938951e+01 7.843649695912362496e+00
2.330000000000000127e-02 1.096478196143186210e+02 9.593990527082747022e+00
2.350000000000000006e-02 1.081433951297938592e+02 1.145443099845489954e+01
2.390000000000000110e-02 1.013911385736679875e+02 8.404622072691173784e+00
2.400000000000000050e-02 9.862794856312099512e+01 4.996183370508570754e+00
2.400000000000000050e-02 1.086425623617065526e+02 1.000634978234966077e+01
2.419999999999999929e-02 1.023292992280752571e+02 6.126169893456424376e+00
2.419999999999999929e-02 1.091440336448754920e+02 9.047283294957512823e+00
2.429999999999999868e-02 1.051961873823222362e+02 8.720034224628367525e+00
2.450000000000000094e-02 1.028016298126474624e+02 4.734190006841886955e+00
2.469999999999999973e-02 9.594006315159316500e+01 7.952765732415568500e+00
2.479999999999999913e-02 1.127197456175509416e+02 9.343685014021934521e+00
2.489999999999999852e-02 9.120108393559087290e+01 7.979933740729631353e+00
2.510000000000000078e-02 9.772372209558120915e+01 8.100618686250413703e+00
2.549999999999999836e-02 1.393156802945302104e+02 1.283144834666038392e+01
2.560000000000000123e-02 1.367728825595849571e+02 1.196738561928597555e+01
2.589999999999999941e-02 1.213388850464978646e+02 1.005815188470902832e+01
2.599999999999999881e-02 1.185768748167158435e+02 6.006733575189402430e+00
2.599999999999999881e-02 1.191242008027376187e+02 9.874569923395666748e+00
2.610000000000000167e-02 1.180320635651729759e+02 1.032759706229873231e+01
2.649999999999999925e-02 1.247383514242940663e+02 1.091438540354082143e+01
2.659999999999999865e-02 1.158777356155126199e+02 9.605460478974645611e+00
2.680000000000000090e-02 1.127197456175509416e+02 6.748216954571397252e+00
2.730000000000000135e-02 1.042317429393305730e+02 8.640088470320039349e+00
2.750000000000000014e-02 1.348962882591653170e+02 1.118196656804814459e+01
2.759999999999999953e-02 1.247383514242940663e+02 7.467737381370035621e+00
2.769999999999999893e-02 1.386755828871889662e+02 1.149524387705885431e+01
2.790000000000000119e-02 1.042317429393305730e+02 1.056010813039115881e+01
2.829999999999999877e-02 1.270574105208543187e+02 1.053217797911078435e+01
2.840000000000000163e-02 1.288249551693132275e+02 7.712390955840660034e+00
2.850000000000000103e-02 1.174897554939530266e+02 1.190332702151522781e+01
2.920000000000000026e-02 1.577611269699349918e+02 1.235078625330705115e+01
2.980000000000000010e-02 1.241652307592410693e+02 6.861624225945461397e+00
2.999999999999999889e-02 1.563147642640954018e+02 1.583683402441291399e+01
3.030000000000000054e-02 1.336595516546443321e+02 1.107944968234506256e+01
3.049999999999999933e-02 1.318256738556407299e+02 5.463716966890078908e+00
3.059999999999999873e-02 1.288249551693132275e+02 1.008543432686855645e+01
3.080000000000000099e-02 1.312199899019205418e+02 1.027293655013371065e+01
3.080000000000000099e-02 1.336595516546443321e+02 1.107944968234506256e+01
3.080000000000000099e-02 1.432187899273543792e+02 1.121229732459464934e+01
3.090000000000000038e-02 1.534616982799294078e+02 1.272091027697695687e+01
3.119999999999999857e-02 1.336595516546443321e+02 1.107944968234506256e+01
3.119999999999999857e-02 1.499684835502375506e+02 1.174071661781779241e+01
3.150000000000000022e-02 1.348962882591653170e+02 1.056074620315658130e+01
3.150000000000000022e-02 1.399587322572616301e+02 1.482427696437611431e+01
3.200000000000000067e-02 1.312199899019205418e+02 1.027293655013371065e+01
3.200000000000000067e-02 1.465547840955909749e+02 1.282328472428781119e+01
3.209999999999999659e-02 1.191242008027376187e+02 7.131633833563538083e+00
3.209999999999999659e-02 1.348962882591653170e+02 1.118196656804814459e+01
3.209999999999999659e-02 1.492794409578994532e+02 1.168677292496490061e+01
3.209999999999999659e-02 1.513561248436207052e+02 1.184935213114107277e+01
3.250000000000000111e-02 1.452111617587743524e+02 1.136827591767143097e+01
3.269999999999999990e-02 1.651961798229018257e+02 1.293286087671243578e+01
3.289999999999999869e-02 1.541700452949558269e+02 1.206964803480099313e+01
3.289999999999999869e-02 1.563147642640954018e+02 8.638273104225225651e+00
3.339999999999999913e-02 1.499684835502375506e+02 1.243134700710119134e+01
3.350000000000000200e-02 1.563147642640954018e+02 1.223755356431907160e+01
3.359999999999999792e-02 1.592208727051168466e+02 1.393154510340357355e+01
3.370000000000000079e-02 1.472312502432720862e+02 1.220444935318923463e+01
3.409999999999999837e-02 1.425607593602190946e+02 1.181729805655506915e+01
3.409999999999999837e-02 1.472312502432720862e+02 1.220444935318923463e+01
3.409999999999999837e-02 1.541700452949558269e+02 1.206964803480099313e+01
3.450000000000000289e-02 1.570362804333549889e+02 1.518675473217318306e+01
3.570000000000000256e-02 1.555965631605075146e+02 1.218132711305269922e+01
3.599999999999999728e-02 1.367728825595849571e+02 1.133752321827092402e+01
3.599999999999999728e-02 1.458814260275349000e+02 1.142074949513432713e+01
3.599999999999999728e-02 1.698243652461742670e+02 1.407726186634861243e+01
3.620000000000000301e-02 1.577611269699349918e+02 1.235078625330705115e+01
3.649999999999999772e-02 1.520547529732493786e+02 1.190404625551326667e+01
3.649999999999999772e-02 1.682674061070468952e+02 1.704780092130990710e+01
3.660000000000000059e-02 1.563147642640954018e+02 1.223755356431907160e+01
3.769999999999999740e-02 1.445439770745925046e+02 1.930383879985373241e+01
3.930000000000000160e-02 1.845015419179471792e+02 8.496610001093625186e+00
4.019999999999999962e-02 1.879316816803266477e+02 1.471277541710636072e+01
4.059999999999999720e-02 1.879316816803266477e+02 1.471277541710636072e+01
4.209999999999999853e-02 1.905460717963246395e+02 1.491745051119087151e+01
4.220000000000000140e-02 1.853531623414814362e+02 1.451090857059121930e+01
4.229999999999999732e-02 1.896705921211146517e+02 1.484891105191270633e+01
4.250000000000000305e-02 1.534616982799294078e+02 1.413434475219662012e+01
4.370000000000000273e-02 1.896705921211146517e+02 1.135504962793324601e+01
4.499999999999999833e-02 2.041737944669527565e+02 1.034280578143198426e+01
4.529999999999999999e-02 2.128139045982713355e+02 1.568070797791477133e+01
4.700000000000000011e-02 1.986094917357373788e+02 1.006093560995232572e+01
4.839999999999999858e-02 2.177709772353156836e+02 1.203446894085080565e+01
4.880000000000000310e-02 1.887991349096296574e+02 1.391123435561872235e+01
4.889999999999999902e-02 2.218196419800214869e+02 1.736579243252010585e+01
4.909999999999999781e-02 2.218196419800214869e+02 1.838730963443305200e+01
4.989999999999999991e-02 2.060629913270000486e+02 1.518328230551397340e+01
5.000000000000000278e-02 2.167704104819694066e+02 1.697049873645142171e+01
5.220000000000000334e-02 2.157744409152668936e+02 1.887988242182348841e+01
5.290000000000000258e-02 2.312064790175594169e+02 1.703592294366313453e+01
5.369999999999999774e-02 1.976969640111857984e+02 2.002941961954281780e+01
5.439999999999999697e-02 2.454708915685033617e+02 1.017391708241268589e+01
5.460000000000000270e-02 2.098939883623524452e+02 1.739875567363986519e+01
5.670000000000000040e-02 2.466039337234341247e+02 1.249218391663596428e+01
5.759999999999999842e-02 2.606153549998892345e+02 1.920284900569908260e+01
5.829999999999999766e-02 2.546830252585041876e+02 2.463003217075202400e+01
5.829999999999999766e-02 2.582260190634598302e+02 2.021597099203644277e+01
5.890000000000000097e-02 2.642408757321944677e+02 2.068686144830186535e+01
6.180000000000000077e-02 2.666858664521483320e+02 1.473760561451802431e+01
6.270000000000000573e-02 3.133285724315582570e+02 2.308690240288035866e+01
6.389999999999999847e-02 2.910717118066605167e+02 1.608521723035861228e+01
6.429999999999999605e-02 2.728977782808040615e+02 2.136459211013950821e+01
6.510000000000000508e-02 2.897343587701327010e+02 2.134841649383347928e+01
6.640000000000000069e-02 2.978516429429184882e+02 1.645989007113958280e+01
6.840000000000000246e-02 3.515604405282976472e+02 2.752292620799385503e+01
6.880000000000000004e-02 3.147748314101317533e+02 2.899183337818733719e+01
6.900000000000000577e-02 3.265878321723359932e+02 2.707186586087743763e+01
7.009999999999999565e-02 3.090295432513595415e+02 2.277013822673085741e+01
7.459999999999999964e-02 3.296097121774582774e+02 2.428654111250795467e+01
7.539999999999999480e-02 3.280952931131187142e+02 1.510934662007558416e+01
7.839999999999999747e-02 3.435579478998746481e+02 1.423928536944977807e+01
7.860000000000000320e-02 3.147748314101317533e+02 2.319346670254986620e+01
8.000000000000000167e-02 3.451437393358557415e+02 1.589445658269928430e+01
8.429999999999999993e-02 4.073802778041122110e+02 3.752111019406088133e+01
8.569999999999999840e-02 3.962780342554397635e+02 2.189913346458142840e+01
8.569999999999999840e-02 3.981071705534973262e+02 2.200021527193250748e+01
8.590000000000000413e-02 3.890451449942812587e+02 1.970781013004186022e+01
8.759999999999999731e-02 4.425883723626259894e+02 3.872570076431786390e+01
8.899999999999999578e-02 3.681289736425313208e+02 2.034355888820377345e+01
9.289999999999999647e-02 4.265795188015925419e+02 2.357365538325888821e+01
9.310000000000000220e-02 4.528975799036209082e+02 2.294237475506145785e+01
9.389999999999999736e-02 4.305266104917109828e+02 2.379177973093122134e+01
1.009000000000000036e-01 4.920395356814511274e+02 3.852073860080992773e+01
1.026999999999999996e-01 4.988844874600126786e+02 2.756937561483360355e+01
1.067000000000000032e-01 5.345643593969718950e+02 2.954111820464109428e+01
1.086000000000000021e-01 5.370317963702522093e+02 2.967747381086295988e+01
1.130000000000000032e-01 5.128613839913642778e+02 2.834176746121945101e+01
1.146999999999999964e-01 5.420008904016243605e+02 2.745606975382215609e+01
1.163000000000000006e-01 5.623413251903490391e+02 2.848645255627192441e+01
1.173000000000000015e-01 5.623413251903490391e+02 2.848645255627192441e+01
1.175999999999999962e-01 5.199959965335157221e+02 2.634137066076245404e+01
1.197000000000000008e-01 5.649369748123021964e+02 2.861794004704711725e+01
1.228000000000000064e-01 5.754399373371560387e+02 3.179998611902312078e+01
1.241000000000000020e-01 5.807644175213123390e+02 2.941970878717076943e+01
1.242999999999999938e-01 5.546257129579104230e+02 2.809560377465774295e+01
1.243999999999999967e-01 6.426877173170194055e+02 4.735498103502528267e+01
1.265000000000000013e-01 5.520774392807572895e+02 3.050892676478873611e+01
1.267000000000000071e-01 6.081350012787182777e+02 3.360678212333500170e+01
1.287000000000000088e-01 5.915616341754737277e+02 2.996666200967214877e+01
1.292999999999999983e-01 6.081350012787182777e+02 3.640734730027958932e+01
1.298999999999999877e-01 6.251726927756849364e+02 3.742734639623820669e+01
1.418000000000000094e-01 7.144963260755141619e+02 3.948452614609180955e+01
1.423999999999999988e-01 6.668067692136212372e+02 3.377834518737372349e+01
1.436999999999999944e-01 6.886522963442755554e+02 3.805633228364273180e+01
1.441000000000000059e-01 5.861381645140296541e+02 4.318825600143668453e+01
1.446000000000000063e-01 7.211074791828990556e+02 3.652904930428726971e+01
1.456999999999999962e-01 6.486344335482388033e+02 3.883193541476111221e+01
1.463000000000000134e-01 8.165823713585930363e+02 4.512600949180858123e+01
1.469999999999999918e-01 7.244359600749891115e+02 3.669765973494499889e+01
1.519000000000000072e-01 6.792036326171836436e+02 3.440633151057809158e+01
1.545999999999999874e-01 7.311390834834172665e+02 3.703721899975340648e+01
1.552000000000000046e-01 7.311390834834172665e+02 4.040423890882190250e+01
1.560999999999999888e-01 7.014552984199699495e+02 2.584256821669620408e+01
1.590000000000000024e-01 7.655966069112569130e+02 8.461686404739275247e+01
1.598999999999999866e-01 7.413102413009177099e+02 3.755245803987286735e+01
1.608999999999999875e-01 7.311390834834172665e+02 4.040423890882190250e+01
1.638000000000000012e-01 7.550922276654341658e+02 3.825061035967809175e+01
1.706000000000000016e-01 7.834296427662112592e+02 4.329392200423508541e+01
1.719999999999999862e-01 7.244359600749891115e+02 1.434544880547849743e+02
1.726999999999999924e-01 7.943282347242812875e+02 4.023818374884892535e+01
1.738999999999999990e-01 8.053784411990668559e+02 4.821576221601758050e+01
1.776000000000000079e-01 1.032761405761398009e+03 5.707250442061847906e+01
1.779999999999999916e-01 7.762471166286927655e+02 8.579400188298423302e+01
1.796999999999999986e-01 8.790225168308842285e+02 4.857657944786164705e+01
1.799999999999999933e-01 1.091440336448755033e+03 2.261820823739378739e+02
1.801000000000000101e-01 8.472274141405963519e+02 4.681951714022471833e+01
1.809999999999999942e-01 8.629785477669702232e+02 9.140575082444628663e+01
1.822000000000000008e-01 8.279421637123352866e+02 4.575377481660621015e+01
1.824999999999999956e-01 9.036494737223023321e+02 4.577605576466753945e+01
1.836000000000000132e-01 8.749837752274363538e+02 4.835339033880834592e+01
1.857999999999999929e-01 9.204495717531711989e+02 5.086592310651852955e+01
1.859999999999999987e-01 8.749837752274363538e+02 7.655953470311321496e+01
1.889000000000000123e-01 9.078205301781852086e+02 5.016801647765376515e+01
1.897000000000000075e-01 9.727472237769641197e+02 5.375599816128434583e+01
1.920999999999999930e-01 1.018591388054116919e+03 5.628944030365254747e+01
1.943000000000000005e-01 9.817479430199844046e+02 5.877451264555999444e+01
1.967000000000000137e-01 9.638290236239714659e+02 5.770175689178063294e+01
2.006000000000000005e-01 9.332543007969915152e+02 5.587133346568109005e+01
2.026000000000000023e-01 9.862794856312099228e+02 5.904580346964674220e+01
2.049999999999999878e-01 9.549925860214349314e+02 9.675387446968277061e+01
2.049999999999999878e-01 1.009252886076685400e+03 5.577337561299345481e+01
2.109000000000000041e-01 9.908319448927665007e+02 5.475539678333717575e+01
2.116000000000000103e-01 9.908319448927665007e+02 5.475539678333717575e+01
2.116000000000000103e-01 1.294195841449987711e+03 9.535987366200406257e+01
2.124999999999999944e-01 1.042317429393305702e+03 6.240063895231139668e+01
2.129999999999999949e-01 1.051961873823222504e+03 1.065781960787911657e+02
2.146000000000000130e-01 1.096478196143186324e+03 6.059362438157526043e+01
2.149999999999999967e-01 1.191242008027376187e+03 1.042315714136209408e+02
2.154999999999999971e-01 1.148153621496881669e+03 7.402419957312375232e+01
2.159999999999999976e-01 1.202264434617411780e+03 1.218059112594265372e+02
2.159999999999999976e-01 1.294195841449987711e+03 1.430398104930060867e+02
2.165999999999999870e-01 1.180320635651729845e+03 8.153366101814789602e+01
2.179999999999999993e-01 1.037528415818011581e+03 1.051158884080923741e+02
2.182999999999999940e-01 1.106623783977665198e+03 6.115429028495123731e+01
2.185999999999999888e-01 1.096478196143186324e+03 6.059362438157526043e+01
2.285000000000000087e-01 1.122018454301962947e+03 6.200503120655809397e+01
2.328000000000000069e-01 1.096478196143186324e+03 7.574203047696907731e+01
2.389999999999999902e-01 1.127197456175509387e+03 1.038187223780215049e+02
2.399999999999999911e-01 1.406047524129915701e+03 2.590035255282184039e+02
2.424999999999999933e-01 1.061695557198726419e+03 7.333933089911383263e+01
2.444000000000000061e-01 1.096478196143186324e+03 6.059362438157526043e+01
2.484999999999999987e-01 1.132400363235558871e+03 6.779365308786825040e+01
2.485999999999999877e-01 1.324341535194664402e+03 9.148227230916251074e+01
2.494999999999999996e-01 1.432187899273543962e+03 8.574109718807673630e+01
2.506999999999999784e-01 1.412537544622754012e+03 7.805970944502637110e+01
2.516999999999999793e-01 1.282330582656020397e+03 7.086420681393892096e+01
2.525000000000000022e-01 1.270574105208543187e+03 8.776814982592320291e+01
2.555000000000000049e-01 1.253141174941416921e+03 8.656392566511451037e+01
2.565000000000000058e-01 1.324341535194664402e+03 9.758109046310669044e+01
2.575000000000000067e-01 1.312199899019205532e+03 7.855775008925779446e+01
2.576999999999999846e-01 1.348962882591653170e+03 8.697085108481890359e+01
2.580000000000000071e-01 1.342764961137864248e+03 8.657125632150173544e+01
2.600000000000000089e-01 1.458814260275348943e+03 1.343617587662861865e+02
2.605000000000000093e-01 1.452111617587743467e+03 1.003083169206302614e+02
2.605999999999999983e-01 1.270574105208543187e+03 8.191693983752833219e+01
2.630000000000000115e-01 1.336595516546443150e+03 8.001824770582543067e+01
2.635000000000000120e-01 1.425607593602190718e+03 8.534715263067548108e+01
2.636000000000000010e-01 1.288249551693132389e+03 8.305651798597634183e+01
2.657999999999999807e-01 1.258925411794167530e+03 6.957078927332737806e+01
2.660000000000000142e-01 1.196740531307244282e+03 1.377798453784917569e+02
2.690000000000000169e-01 1.432187899273543962e+03 1.714821943761534726e+02
2.703999999999999737e-01 1.361444682465951018e+03 9.404526692346333050e+01
2.710000000000000187e-01 1.276438808811344870e+03 1.293207948246754881e+02
2.735000000000000209e-01 1.399587322572616358e+03 1.031254049695729691e+02
2.740000000000000213e-01 1.393156802945302161e+03 1.347302076399340365e+02
2.753999999999999782e-01 1.406047524129915701e+03 9.065123393487644421e+01
2.778999999999999804e-01 1.472312502432720976e+03 1.152642438912316862e+02
2.780000000000000249e-01 1.300169578033290009e+03 1.197500435497524904e+02
2.788999999999999813e-01 1.425607593602190718e+03 8.534715263067548108e+01
2.795000000000000262e-01 1.258925411794167530e+03 8.116592081888195764e+01
2.839999999999999747e-01 1.472312502432720976e+03 1.423852424538744117e+02
2.849999999999999756e-01 1.479108388168208648e+03 9.536164191451992167e+01
2.859999999999999765e-01 1.745822152920503868e+03 2.090350113453432641e+02
2.866000000000000214e-01 1.614358556826485255e+03 9.664714664009720479e+01
2.883999999999999897e-01 1.472312502432720976e+03 1.017037446099103022e+02
2.912000000000000144e-01 1.472312502432720976e+03 1.017037446099103022e+02
2.924999999999999822e-01 1.527566058238073310e+03 9.848582335935455490e+01
2.955999999999999739e-01 1.690440931643265003e+03 1.712648999507049439e+02
2.974999999999999867e-01 1.425607593602190718e+03 1.378684773264757553e+02
2.983999999999999986e-01 1.629296032639724672e+03 1.650700813005450982e+02
2.988000000000000100e-01 1.606941253012878860e+03 1.110035692351388406e+02
2.999999999999999889e-01 1.555965631605075032e+03 2.221300826497844980e+02
3.003000000000000114e-01 1.479108388168208648e+03 1.021731877655570457e+02
3.018000000000000127e-01 1.986094917357373561e+03 2.286576274989164972e+02
3.019999999999999907e-01 1.828100216142744557e+03 2.273052405342317286e+02
3.024000000000000021e-01 1.606941253012878860e+03 9.620309333712033606e+01
3.085999999999999854e-01 1.520547529732493786e+03 1.260428427054345804e+02
3.089999999999999969e-01 1.485935642287005976e+03 1.437027168813008871e+02
3.089999999999999969e-01 1.713957307508426993e+03 1.894335622222615427e+02
3.094999999999999973e-01 1.599558028614671230e+03 9.576108027374422704e+01
3.094999999999999973e-01 1.729816359215099737e+03 1.194914808703776572e+02
3.129000000000000115e-01 1.592208727051168353e+03 1.026534902356052896e+02
3.140000000000000013e-01 1.761976046411627294e+03 1.947407893766398956e+02
3.164000000000000146e-01 1.905460717963246225e+03 1.667244468897803245e+02
3.200000000000000067e-01 1.770108958317422093e+03 3.423694260333408579e+02
3.204000000000000181e-01 1.659586907437561422e+03 9.935484191343927307e+01
3.264000000000000234e-01 1.563147642640953791e+03 1.007798528826276510e+02
3.290000000000000147e-01 1.853531623414814248e+03 2.304673714152722823e+02
3.305000000000000160e-01 1.761976046411627294e+03 1.298271929177599304e+02
3.306000000000000050e-01 1.621810097358928260e+03 1.120306726153767016e+02
3.310000000000000164e-01 1.644371723214930626e+03 1.060165628820376753e+02
3.320000000000000173e-01 1.786487574852049875e+03 1.974499036163239225e+02
3.372999999999999887e-01 1.811340092619602501e+03 1.167814114770338421e+02
3.387999999999999901e-01 1.828100216142744557e+03 1.431181144104422174e+02
3.396000000000000130e-01 1.644371723214930626e+03 1.741700675919190360e+02
3.400000000000000244e-01 1.644371723214930626e+03 1.741700675919190360e+02
3.400000000000000244e-01 1.745822152920503868e+03 1.849155869593421073e+02
3.402000000000000024e-01 1.845015419179471792e+03 1.189525400153107739e+02
3.410000000000000253e-01 1.577611269699350032e+03 1.598337044545618255e+02
3.420000000000000262e-01 1.887991349096296517e+03 1.825849509174956893e+02
3.439999999999999725e-01 1.713957307508426993e+03 1.657543669444788463e+02
3.459999999999999742e-01 1.870682140365799796e+03 1.292221443040945701e+02
3.479999999999999760e-01 2.079696687103697968e+03 2.107018579456594125e+02
3.482999999999999985e-01 1.828100216142744557e+03 1.852116774723369588e+02
3.486000000000000210e-01 1.819700858609980742e+03 1.508405785467770670e+02
3.519999999999999796e-01 1.923091728910159418e+03 1.948356232877418961e+02
3.549999999999999822e-01 1.853531623414814248e+03 1.707165714187202070e+02
3.569999999999999840e-01 1.931968317016924175e+03 1.245586005131990248e+02
3.574999999999999845e-01 1.845015419179471792e+03 1.699322000218725179e+02
3.578000000000000069e-01 1.931968317016924175e+03 1.245586005131990248e+02
3.599999999999999867e-01 1.706082389003120852e+03 1.414223955481771782e+02
3.618999999999999995e-01 1.887991349096296517e+03 1.478068650284489252e+02
3.629999999999999893e-01 2.041737944669527451e+03 1.974535649182469399e+02
3.665999999999999814e-01 2.355049283896009001e+03 2.169080549746101667e+02
3.679999999999999938e-01 1.967886289706842945e+03 1.903114766862262286e+02
3.689999999999999947e-01 2.118361135248504524e+03 1.463312031480345183e+02
3.709000000000000075e-01 2.157744409152669050e+03 1.490517033301854326e+02
3.739999999999999991e-01 4.345102241715710079e+03 1.840914047472967241e+03
3.790000000000000036e-01 2.070141348791041310e+03 1.906670644046735958e+02
3.796999999999999820e-01 1.931968317016924175e+03 1.334556434069989450e+02
3.800000000000000044e-01 2.582260190634598530e+03 3.924276721983545713e+02
3.804000000000000159e-01 1.794733626832528444e+03 1.653010758015887518e+02
3.804000000000000159e-01 2.147830474130531002e+03 2.176047470084969575e+02
3.830000000000000071e-01 2.128139045982713469e+03 2.450110621549183065e+02
3.872999999999999776e-01 2.387811282913178275e+03 2.089292692669171458e+02
3.880000000000000115e-01 2.766941645411512582e+03 5.988851470754427737e+02
3.892999999999999794e-01 2.089296130854040712e+03 1.924312850301861033e+02
3.916000000000000036e-01 2.004472027365159192e+03 1.569258919241753460e+02
3.940000000000000169e-01 2.269864851883823576e+03 1.567967091317648851e+02
3.965000000000000191e-01 1.986094917357373561e+03 1.829261019991332091e+02
3.990000000000000213e-01 1.986094917357373561e+03 2.652428478987430935e+02
3.996000000000000107e-01 2.218196419800214699e+03 2.145186124017189400e+02
4.000000000000000222e-01 2.897343587701327124e+03 6.404524948150043429e+02
4.010000000000000231e-01 2.187761623949556451e+03 2.317253359072119565e+02
4.010000000000000231e-01 2.443430552693968821e+03 3.713296465823560766e+02
4.010000000000000231e-01 3.235936569296277867e+03 5.513754286688568982e+02
4.025000000000000244e-01 2.409905428686590767e+03 2.330585172560051035e+02
4.082999999999999963e-01 2.333458062281006733e+03 2.256654014720707835e+02
4.099999999999999756e-01 1.862087136662869398e+03 2.229559323022662625e+02
4.119999999999999774e-01 1.923091728910159418e+03 2.745411055418181263e+02
4.149999999999999800e-01 2.376840286624878445e+03 1.532405563474839312e+02
4.159999999999999809e-01 2.051162178825566571e+03 2.833785273766162049e+02
4.159999999999999809e-01 3.047894989627985979e+03 7.860202076304079810e+02
4.208999999999999964e-01 2.666858664521483206e+03 2.456267602419670766e+02
4.209999999999999853e-01 2.679168324819031568e+03 3.948168349664084076e+02
4.209999999999999853e-01 2.728977782808040502e+03 2.890503638430639057e+02
4.219999999999999862e-01 2.218196419800214699e+03 2.349489564399779056e+02
4.229999999999999871e-01 2.060629913270000543e+03 2.277492345827096187e+02
4.249999999999999889e-01 1.737800828749378070e+03 3.921405597213596366e+02
4.259999999999999898e-01 2.249054605835778148e+03 2.278601427839907387e+02
4.289999999999999925e-01 2.387811282913178275e+03 2.419181012564303614e+02
4.299999999999999933e-01 1.836538343348347325e+03 3.044725784716237627e+02
4.299999999999999933e-01 2.259435770220980430e+03 6.347102610167786452e+02
4.299999999999999933e-01 2.290867652767769869e+03 4.852924290702501366e+02
4.299999999999999933e-01 2.301441817408511270e+03 1.589779686347388861e+02
4.299999999999999933e-01 2.728977782808040502e+03 1.885111068541721124e+02
4.299999999999999933e-01 3.019951720402013052e+03 6.397400147922645601e+02
4.359999999999999987e-01 2.376840286624878445e+03 2.408065885460461573e+02
4.359999999999999987e-01 2.432204009073815996e+03 2.576164079430313336e+02
4.400000000000000022e-01 2.523480772480572796e+03 1.278316426017590430e+02
4.400000000000000022e-01 2.570395782768859590e+03 3.787875207998936844e+02
4.490000000000000102e-01 2.535128630497912127e+03 1.867951805890209016e+02
4.500000000000000111e-01 2.322736796357105050e+03 4.813469210016555166e+02
4.500000000000000111e-01 2.844461107447919858e+03 7.728544217460879509e+02
4.500000000000000111e-01 3.019951720402013052e+03 7.092769729218584871e+02
4.510000000000000120e-01 2.290867652767769869e+03 1.476976958039891770e+02
4.530000000000000138e-01 3.664375746478333440e+03 8.775038447728737765e+02
4.550000000000000155e-01 2.910717118066605053e+03 3.082999969152066910e+02
4.600000000000000200e-01 2.691534803926913810e+03 2.602944925054640635e+02
4.606999999999999984e-01 2.594179362118814879e+03 2.150394741996330765e+02
4.627000000000000002e-01 2.558585886905645111e+03 1.767408516700166388e+02
4.630000000000000226e-01 2.454708915685033389e+03 3.052175124723806334e+02
4.650000000000000244e-01 2.322736796357105050e+03 6.417958946688739843e+02
4.680000000000000271e-01 3.235936569296277867e+03 2.384326178027489505e+02
4.689999999999999725e-01 2.951209226666387167e+03 3.805429808111965144e+02
4.699999999999999734e-01 2.666858664521483206e+03 1.842200701814753074e+02
4.719999999999999751e-01 2.477422057633283657e+03 5.818564600940255787e+02
4.749999999999999778e-01 2.630267991895384057e+03 3.149336251733201379e+02
4.769999999999999796e-01 2.570395782768859590e+03 2.130679804499401939e+02
4.789999999999999813e-01 2.951209226666387167e+03 4.892695467572526127e+02
4.799999999999999822e-01 2.703958364108840669e+03 6.475137990124527505e+02
4.899999999999999911e-01 2.280342072000416465e+03 4.725613495723782762e+02
4.929999999999999938e-01 2.691534803926913810e+03 3.222693716734317491e+02
4.949999999999999956e-01 2.654605561975536148e+03 5.378960571409877502e+02
4.949999999999999956e-01 2.818382931264454783e+03 2.985200600984061907e+02
4.959999999999999964e-01 2.766941645411512582e+03 1.911335575772689879e+02
4.969999999999999973e-01 2.606153549998892231e+03 2.640391738283623226e+02
4.969999999999999973e-01 2.910717118066605053e+03 2.278739107634136758e+02
4.979999999999999982e-01 3.944573020752776756e+03 1.162587524583915183e+03
5.000000000000000000e-01 2.964831389524342285e+03 4.369136998886127685e+02
5.042999999999999705e-01 2.937649651961536620e+03 2.029256489113734290e+02
5.080000000000000071e-01 2.741574171927880798e+03 2.903845597024571816e+02
5.100000000000000089e-01 2.376840286624878445e+03 2.517523425708664604e+02
5.110000000000000098e-01 2.978516429429184882e+03 1.234491755335468781e+02
5.140000000000000124e-01 3.614098626396131294e+03 8.155334229314988761e+02
5.190000000000000169e-01 4.111497211045220865e+03 5.869584756584378056e+02
5.210000000000000187e-01 2.728977782808040502e+03 2.010785139777835866e+02
5.210000000000000187e-01 2.992264636608192177e+03 2.755977578618907842e+02
5.220000000000000195e-01 3.435579478998746254e+03 3.955357047069381906e+02
5.260000000000000231e-01 2.466039337234341019e+03 5.791830724985765073e+02
5.260000000000000231e-01 3.019951720402013052e+03 2.364256576406195336e+02
5.280000000000000249e-01 2.978516429429184882e+03 4.114972517784895558e+02
5.280000000000000249e-01 3.090295432513595188e+03 3.415520734009627972e+02
5.320000000000000284e-01 3.265878321723359932e+03 2.556787331305091584e+02
5.390000000000000346e-01 2.792543841237333254e+03 3.086433513775399433e+02
5.400000000000000355e-01 3.047894989627985979e+03 1.543968264988301371e+02
5.400000000000000355e-01 3.176874070649769237e+03 4.096412811342584632e+02
5.430000000000000382e-01 3.133285724315582229e+03 1.442931400180022479e+02
5.480000000000000426e-01 2.884031503126602729e+03 2.523476619793320310e+02
5.500000000000000444e-01 2.857590543374949448e+03 2.105550523857892529e+02
5.500000000000000444e-01 7.379042301291022341e+03 3.432156306312087963e+03
5.515999999999999792e-01 2.884031503126602729e+03 1.992218384047357915e+02
5.520000000000000462e-01 3.176874070649769237e+03 1.463004575479494349e+02
5.570000000000000506e-01 3.250872973854347038e+03 2.395331727620557558e+02
5.610000000000000542e-01 3.749730022454829850e+03 5.353124920523165429e+02
5.620000000000000551e-01 4.073802778041122110e+03 6.190983182020045206e+02
5.639999999999999458e-01 2.978516429429184882e+03 3.977806767192065536e+02
5.679999999999999494e-01 3.483373150360119780e+03 4.652042591825853037e+02
5.699999999999999512e-01 3.147748314101317192e+03 5.653407508746529402e+02
5.699999999999999512e-01 3.419794425137090457e+03 7.401905604559318590e+02
5.709999999999999520e-01 3.019951720402013052e+03 2.364256576406195336e+02
5.789999999999999591e-01 4.345102241715710079e+03 1.280635859111629316e+03
5.799999999999999600e-01 4.591980128368690202e+03 1.099636199054289591e+03
5.809999999999999609e-01 2.582260190634598530e+03 6.064791297610934180e+02
5.809999999999999609e-01 3.531831697919573799e+03 2.602349765949907692e+02
5.809999999999999609e-01 5.420008904016243832e+03 9.734424730900584564e+02
5.816999999999999948e-01 3.419794425137090457e+03 2.519797652615938262e+02
5.819999999999999618e-01 4.285485203974387332e+03 6.512678268965862571e+02
5.829999999999999627e-01 3.019951720402013052e+03 4.033143571516450265e+02
5.909999999999999698e-01 4.385306977749860380e+03 6.260476334605152715e+02
5.919999999999999707e-01 3.280952931131187142e+03 2.568588925412849449e+02
5.919999999999999707e-01 6.760829753919811992e+03 2.241703556301076333e+03
5.989999999999999769e-01 3.531831697919573799e+03 6.180580694131031123e+02
6.029999999999999805e-01 3.388441561392024141e+03 4.369218015535936956e+02
6.039999999999999813e-01 3.206269324505467466e+03 2.362466544233721208e+02
6.099999999999999867e-01 3.801893963205608543e+03 2.801338996742812242e+02
6.119999999999999885e-01 3.647539469256080338e+03 4.703311204489220927e+02
6.129999999999999893e-01 3.341950400261139293e+03 4.001465090046727937e+02
6.129999999999999893e-01 3.962780342554397521e+03 3.102377240815702066e+02
6.149999999999999911e-01 3.221068791283434621e+03 8.306799180195697545e+02
6.189999999999999947e-01 4.092606597300113663e+03 4.711787471216163681e+02
6.199999999999999956e-01 3.999447497610969549e+03 3.131083183991862029e+02
6.199999999999999956e-01 4.425883723626259780e+03 7.948959630570508352e+02
6.229999999999999982e-01 3.176874070649769237e+03 3.511210981150786665e+02
6.268000000000000238e-01 3.564511334262439050e+03 2.626429011865922689e+02
6.310000000000000053e-01 2.992264636608192177e+03 3.307173094342688842e+02
6.310000000000000053e-01 3.767037989839092916e+03 3.990005739267045897e+02
6.330000000000000071e-01 2.754228703338168998e+03 3.297759896601450009e+02
6.330000000000000071e-01 4.073802778041122110e+03 3.189294366495175268e+02
6.400000000000000133e-01 3.564511334262439050e+03 3.118884451590783442e+02
6.400000000000000133e-01 3.837072454922792076e+03 4.947704067848242744e+02
6.400000000000000133e-01 4.285485203974387332e+03 3.749723851828829879e+02
6.430000000000000160e-01 3.999447497610969549e+03 3.131083183991862029e+02
6.450000000000000178e-01 3.664375746478333440e+03 3.881267005726172670e+02
6.550000000000000266e-01 2.910717118066605053e+03 6.702173845982754301e+02
6.560000000000000275e-01 4.246195639463129737e+03 1.231930574451879465e+03
6.570000000000000284e-01 3.944573020752776756e+03 1.198918384727162675e+03
6.700000000000000400e-01 4.246195639463129737e+03 4.106435248172930983e+02
6.710000000000000409e-01 3.944573020752776756e+03 2.179851608594840968e+02
6.790000000000000480e-01 4.920395356814510706e+03 4.531851600095285448e+02
6.800000000000000488e-01 3.801893963205608543e+03 5.077426931596346549e+02
6.870000000000000551e-01 3.681289736425313095e+03 4.577300749845849737e+02
6.870000000000000551e-01 3.981071705534973262e+03 5.316718690717021900e+02
6.879999999999999449e-01 4.073802778041122110e+03 3.189294366495175268e+02
6.909999999999999476e-01 4.149540426343636682e+03 4.777334964237508075e+02
6.949999999999999512e-01 4.385306977749860380e+03 4.240967839571231934e+02
6.979999999999999538e-01 5.675446054085477044e+03 1.123864983299702544e+03
7.069999999999999618e-01 4.528975799036208628e+03 5.422743123923617077e+02
7.099999999999999645e-01 4.017908108489404185e+03 3.330567113625938305e+02
7.109999999999999654e-01 5.176068319505676300e+03 8.819569937081259923e+02
7.209999999999999742e-01 4.325138310350088432e+03 3.784419619448835874e+02
7.299999999999999822e-01 4.528975799036208628e+03 3.962773821328797226e+02
7.349999999999999867e-01 4.149540426343636682e+03 3.821867971390006460e+02
7.399999999999999911e-01 4.549880601500484772e+03 4.190594899167119820e+02
7.409999999999999920e-01 5.546257129579104912e+03 5.619120754931549300e+02
7.500000000000000000e-01 4.446312674691092980e+03 2.866643719389575153e+02
7.520000000000000018e-01 4.570881896148742271e+03 4.420434696681550122e+02
7.560000000000000053e-01 5.780960474057186730e+03 5.058238296085711454e+02
7.630000000000000115e-01 7.834296427662112364e+03 3.247044150317631647e+03
7.720000000000000195e-01 5.035006087879042752e+03 5.101153182877202994e+02
7.800000000000000266e-01 5.248074602497727938e+03 4.108607037854853274e+02
7.810000000000000275e-01 4.875284901033860478e+03 7.184485335820493219e+02
7.910000000000000364e-01 5.199959965335156994e+03 4.789340120138627981e+02
7.990000000000000435e-01 4.742419852602452920e+03 5.023119618367857697e+02
8.000000000000000444e-01 5.520774392807573349e+03 5.593303240211267848e+02
8.100000000000000533e-01 4.720630412635900029e+03 4.565254351421296519e+02
8.110000000000000542e-01 4.786300923226380291e+03 4.628763365689974876e+02
8.120000000000000551e-01 5.370317963702521411e+03 9.397866706773269243e+02
8.149999999999999467e-01 6.516283940608427656e+03 2.190627546450773934e+03
8.159999999999999476e-01 5.470159628939710274e+03 1.158786737646286610e+03
8.169999999999999485e-01 5.370317963702521411e+03 5.193557916901016824e+02
8.179999999999999494e-01 4.764309868054156141e+03 5.923923595516403111e+02
8.209999999999999520e-01 5.345643593969719404e+03 4.677343715734841112e+02
8.217999999999999750e-01 5.807644175213124072e+03 5.616489859368964517e+02
8.299999999999999600e-01 5.105049999754059172e+03 1.104952330671757409e+03
8.299999999999999600e-01 6.456542290346549635e+03 6.244029972615791166e+02
8.329999999999999627e-01 5.470159628939710274e+03 1.309932833861019617e+03
8.389999999999999680e-01 4.786300923226380291e+03 4.849180668818069080e+02
8.399999999999999689e-01 5.035006087879042752e+03 4.869282583655511871e+02
8.399999999999999689e-01 5.942921586155720433e+03 6.020996367370464668e+02
8.499999999999999778e-01 4.988844874600126786e+03 3.905661545434761024e+02
8.539999999999999813e-01 5.272298614228227052e+03 5.584361449670137745e+02
8.589999999999999858e-01 6.576578373554212703e+03 9.085878795511774797e+02
8.599999999999999867e-01 6.081350012787182095e+03 4.760960800805791564e+02
8.679999999999999938e-01 4.988844874600126786e+03 5.743619919757001071e+02
8.699999999999999956e-01 7.014552984199699495e+03 9.044898875843672386e+02
8.739999999999999991e-01 4.570881896148742271e+03 8.209378722408594058e+02
8.820000000000000062e-01 4.742419852602452920e+03 1.266699729849285632e+03
8.850000000000000089e-01 6.854882264526613653e+03 9.154690835586383173e+02
9.050000000000000266e-01 5.345643593969719404e+03 6.400575611005572227e+02
9.100000000000000311e-01 7.277798045368249404e+03 9.049184616106514341e+02
9.271000000000000352e-01 6.137620051647932996e+03 8.196787613683808331e+02
9.300000000000000488e-01 5.128613839913642551e+03 6.849260469794701294e+02
9.350000000000000533e-01 5.105049999754059172e+03 5.407213533074558427e+02
9.360000000000000542e-01 4.591980128368690202e+03 1.501426348708741443e+03
9.489999999999999547e-01 4.875284901033860478e+03 6.286424668842931851e+02
9.499999999999999556e-01 5.345643593969719404e+03 7.385279551160275560e+02
9.499999999999999556e-01 5.970352865838378420e+03 6.598677844220990210e+02
9.499999999999999556e-01 6.251726927756849364e+03 8.349177273006984024e+02
9.529999999999999583e-01 7.144963260755142073e+03 3.125858319898934496e+03
9.599999999999999645e-01 5.272298614228227052e+03 6.798353069163646296e+02
9.609999999999999654e-01 7.112135136533281184e+03 1.113588151442368144e+03
9.699999999999999734e-01 3.664375746478333440e+03 1.366880988973130343e+03
9.699999999999999734e-01 7.798301105232593727e+03 1.041462608784078611e+03
9.739999999999999769e-01 5.834451042737441639e+03 4.567668798915672141e+02
9.749999999999999778e-01 7.345138681571143934e+03 7.103378870347055454e+02
9.779999999999999805e-01 5.011872336272725079e+03 6.693352267104675093e+02
9.829999999999999849e-01 6.792036326171835753e+03 1.344974777231689131e+03
1.010000000000000009e+00 6.338697112569263481e+03 1.109249600510885557e+03
1.010000000000000009e+00 9.594006315159316728e+03 1.458007050942854448e+03
1.016999999999999904e+00 7.211074791828989873e+03 5.645398528844395969e+02
1.020000000000000018e+00 6.792036326171835753e+03 7.194051134029965624e+02
1.020000000000000018e+00 7.447319739059888889e+03 7.545158462124627476e+02
1.030000000000000027e+00 7.046930689671474283e+03 4.543324116071941035e+02
1.056999999999999940e+00 6.760829753919811992e+03 7.472345187670254063e+02
1.092000000000000082e+00 6.338697112569263481e+03 7.297694740203194215e+02
1.110000000000000098e+00 8.433347577642765827e+03 1.747665037468591208e+03
1.120000000000000107e+00 7.979946872679760418e+03 8.084782953243422980e+02
1.124000000000000110e+00 8.203515443298185346e+03 7.555716947953937961e+02
1.139999999999999902e+00 6.918309709189376917e+03 1.178819763577061849e+03
1.139999999999999902e+00 7.311390834834171983e+03 7.744145790857531892e+02
1.187999999999999945e+00 8.356030182312473698e+03 1.924047053440102218e+03
1.189999999999999947e+00 7.447319739059888889e+03 8.574043706959804467e+02
1.191999999999999948e+00 7.798301105232593727e+03 7.182500750235026317e+02
1.215000000000000080e+00 1.122018454301962993e+04 2.893568122972711535e+03
1.229999999999999982e+00 1.009252886076685536e+04 1.115467512259869181e+03
1.241000000000000103e+00 8.241381150130013339e+03 1.821742212669263381e+03
1.264999999999999902e+00 9.727472237769641652e+03 1.075119963225686888e+03
1.300000000000000044e+00 1.009252886076685536e+04 1.115467512259869181e+03
1.304999999999999938e+00 8.871560120379617729e+03 1.062231148408901845e+03
1.306999999999999940e+00 1.207813835106777333e+04 1.724278361733877091e+03
1.314999999999999947e+00 9.862794856312099000e+03 8.629771276332985508e+02
1.340000000000000080e+00 1.032761405761398055e+04 1.331691769814431382e+03
1.350000000000000089e+00 9.246981739382219530e+03 8.090945677150066331e+02
1.370000000000000107e+00 1.023292992280753606e+04 1.225233978691285984e+03
1.389999999999999902e+00 9.462371613657938724e+03 1.089395791098939299e+03
1.413999999999999924e+00 9.120108393559086835e+03 1.469987794344932126e+03
